   0.57650   0.18679  -0.25343  -1.19648   1.97145   0.51576   1.47165   0.44692  -0.58478   1.20414   0.37014  -1.04189   0.92666  -0.21214  -1.08738   0.65275   0.99770  -1.47672  -0.59495   0.85772
   0.93848  -0.52318  -0.76703   1.23755   1.40330  -0.70058   0.73923   0.37533   0.12653  -0.74304  -1.16696  -1.06509   0.86931   0.11406   0.87918  -0.65277   0.33676   0.12315   0.00267  -2.02140
   0.67427  -1.21028   0.38539   0.97959   0.13432  -0.82448  -0.52109   0.85866  -0.89778   0.51793   0.01242   0.74895   1.45322  -0.55809   0.03343  -0.06084   1.81650  -0.14991  -0.84355  -0.35323
   0.00000   0.00000   0.00000   0.00000   0.00000   0.00000   0.00000   0.00000   0.00000   0.00000   0.00000   0.00000   0.00000   0.00000   0.00000   0.00000   0.00000   0.00000   0.00000   0.00000
   0.00000   0.00000   0.00000   0.00000   0.00000   0.00000   0.00000   0.00000   0.00000   0.00000   0.00000   0.00000   0.00000   0.00000   0.00000   0.00000   0.00000   0.00000   0.00000   0.00000
   0.00000   0.00000   0.00000   0.00000   0.00000   0.00000   0.00000   0.00000   0.00000   0.00000   0.00000   0.00000   0.00000   0.00000   0.00000   0.00000   0.00000   0.00000   0.00000   0.00000
   0.00000   0.00000   0.00000   0.00000   0.00000   0.00000   0.00000   0.00000   0.00000   0.00000   0.00000   0.00000   0.00000   0.00000   0.00000   0.00000   0.00000   0.00000   0.00000   0.00000
   0.00000   0.00000   0.00000   0.00000   0.00000   0.00000   0.00000   0.00000   0.00000   0.00000   0.00000   0.00000   0.00000   0.00000   0.00000   0.00000   0.00000   0.00000   0.00000   0.00000
   0.00000   0.00000   0.00000   0.00000   0.00000   0.00000   0.00000   0.00000   0.00000   0.00000   0.00000   0.00000   0.00000   0.00000   0.00000   0.00000   0.00000   0.00000   0.00000   0.00000
   0.00000   0.00000   0.00000   0.00000   0.00000   0.00000   0.00000   0.00000   0.00000   0.00000   0.00000   0.00000   0.00000   0.00000   0.00000   0.00000   0.00000   0.00000   0.00000   0.00000
   0.00000   0.00000   0.00000   0.00000   0.00000   0.00000   0.00000   0.00000   0.00000   0.00000   0.00000   0.00000   0.00000   0.00000   0.00000   0.00000   0.00000   0.00000   0.00000   0.00000
   0.00000   0.00000   0.00000   0.00000   0.00000   0.00000   0.00000   0.00000   0.00000   0.00000   0.00000   0.00000   0.00000   0.00000   0.00000   0.00000   0.00000   0.00000   0.00000   0.00000
   0.00000   0.00000   0.00000   0.00000   0.00000   0.00000   0.00000   0.00000   0.00000   0.00000   0.00000   0.00000   0.00000   0.00000   0.00000   0.00000   0.00000   0.00000   0.00000   0.00000
   0.00000   0.00000   0.00000   0.00000   0.00000   0.00000   0.00000   0.00000   0.00000   0.00000   0.00000   0.00000   0.00000   0.00000   0.00000   0.00000   0.00000   0.00000   0.00000   0.00000
   0.00000   0.00000   0.00000   0.00000   0.00000   0.00000   0.00000   0.00000   0.00000   0.00000   0.00000   0.00000   0.00000   0.00000   0.00000   0.00000   0.00000   0.00000   0.00000   0.00000
   0.00000   0.00000   0.00000   0.00000   0.00000   0.00000   0.00000   0.00000   0.00000   0.00000   0.00000   0.00000   0.00000   0.00000   0.00000   0.00000   0.00000   0.00000   0.00000   0.00000
   0.00000   0.00000   0.00000   0.00000   0.00000   0.00000   0.00000   0.00000   0.00000   0.00000   0.00000   0.00000   0.00000   0.00000   0.00000   0.00000   0.00000   0.00000   0.00000   0.00000
   0.00000   0.00000   0.00000   0.00000   0.00000   0.00000   0.00000   0.00000   0.00000   0.00000   0.00000   0.00000   0.00000   0.00000   0.00000   0.00000   0.00000   0.00000   0.00000   0.00000
   0.00000   0.00000   0.00000   0.00000   0.00000   0.00000   0.00000   0.00000   0.00000   0.00000   0.00000   0.00000   0.00000   0.00000   0.00000   0.00000   0.00000   0.00000   0.00000   0.00000
   0.00000   0.00000   0.00000   0.00000   0.00000   0.00000   0.00000   0.00000   0.00000   0.00000   0.00000   0.00000   0.00000   0.00000   0.00000   0.00000   0.00000   0.00000   0.00000   0.00000
   0.00000   0.00000   0.00000   0.00000   0.00000   0.00000   0.00000   0.00000   0.00000   0.00000   0.00000   0.00000   0.00000   0.00000   0.00000   0.00000   0.00000   0.00000   0.00000   0.00000
;
  -0.34548   0.26550   1.94965  -1.65926   0.30694  -1.42478   0.15347  -0.15175  -0.80233  -0.02174   0.24728  -0.05461   0.61888  -0.40005  -0.53547   0.00000   0.00000   0.00000   0.00000   0.00000
   0.28586  -0.30438  -0.25767  -0.43424  -0.04562  -0.53557  -0.37892   0.45255   0.10080  -0.66854  -0.34277   0.16785   0.68812  -0.47346  -1.09702   0.00000   0.00000   0.00000   0.00000   0.00000
  -0.10225   0.09595   0.32826   0.32500   0.44032   0.48100  -0.05010  -0.31441  -0.47189  -0.07532   0.53276   0.30874  -1.15956   0.13394   0.68517   0.00000   0.00000   0.00000   0.00000   0.00000
  -0.22797  -0.28790  -0.11208   0.14384   0.13274  -0.12189  -0.19023  -0.83688  -0.05798   0.80516   0.88623  -0.07430   0.45271   0.45873  -0.37510   0.00000   0.00000   0.00000   0.00000   0.00000
   0.51813  -0.38387  -0.29708   0.22115  -0.12417   0.53622   0.53998   0.54523   1.24244  -0.31484  -0.44662   0.37155   0.25375   0.32162   0.02552   0.00000   0.00000   0.00000   0.00000   0.00000
  -0.58269  -0.12286   0.35683  -0.38948   0.10973  -0.44279  -0.66689   0.24703  -0.65176   0.82863  -0.75370  -0.18221   0.37631  -1.13096  -0.45232   0.00000   0.00000   0.00000   0.00000   0.00000
  -0.23485  -0.08273   0.80809   0.10205   0.37532  -0.45031  -0.37996  -0.56818  -0.81356   0.34782   0.38715   0.69738  -0.15564   0.51237  -0.08909   0.00000   0.00000   0.00000   0.00000   0.00000
  -0.58262  -0.26886   0.54776   0.42027   0.37010  -0.50878  -0.72071  -0.30700  -0.15638   0.74173  -0.17575  -0.31071  -0.34457  -0.06832  -0.54291   0.00000   0.00000   0.00000   0.00000   0.00000
  -0.12331  -0.59807   0.12689  -0.12614  -0.31808  -0.19001   0.44490   0.83917   0.74171  -0.82698  -0.58615  -0.00643   0.51772  -0.15126  -0.68437   0.00000   0.00000   0.00000   0.00000   0.00000
   0.27151   0.48550  -0.38962   0.87903   0.17433   0.10427   0.23871   0.15091  -0.09562   0.01488   0.10416   0.08198  -0.89237  -0.09464   0.27330   0.00000   0.00000   0.00000   0.00000   0.00000
  -0.10579   0.19943   0.76996  -0.67952   0.21319  -0.51640  -0.67613   0.37785  -0.45468  -0.05112  -0.18387   0.00314   0.44332  -0.18035  -0.21811   0.00000   0.00000   0.00000   0.00000   0.00000
   0.04451  -0.67924  -0.19508  -0.06102  -0.15304   0.45301   0.01507  -0.41143   0.04460   0.01313   0.02172  -0.38058  -0.37676   0.61174   0.23814   0.00000   0.00000   0.00000   0.00000   0.00000
   0.82645   0.10768  -0.40468   0.36033  -1.02050  -0.03836   0.21920   0.77417   0.21509   0.49519  -0.04865  -0.02146   0.00923   0.13620  -0.01753   0.00000   0.00000   0.00000   0.00000   0.00000
   0.33644  -0.44281  -0.26422   0.11558  -0.76009   0.00873   0.32554   1.42331   0.64543  -1.04667  -0.36734   0.22632   0.15637  -0.92242  -0.02948   0.00000   0.00000   0.00000   0.00000   0.00000
  -0.08055  -0.18544   0.31784   0.67679  -0.28350   0.09552  -0.69747  -0.41279  -0.54556   0.32160   0.27636   0.11075  -0.27978   0.00587   0.91640   0.00000   0.00000   0.00000   0.00000   0.00000
   0.53997  -0.08585  -0.80812   0.91455  -0.28547   0.23128   0.45077   0.19496   0.13121  -0.23201   0.18064  -0.28113   0.32638  -0.09303   0.60524   0.00000   0.00000   0.00000   0.00000   0.00000
  -0.34475   0.06868   0.62019  -0.73337   0.30374  -0.48460  -0.23554   0.17803   0.30968   0.14692  -0.21258  -0.15468   0.24566   0.17056  -0.67208   0.00000   0.00000   0.00000   0.00000   0.00000
  -0.77864  -0.19614  -0.02298  -0.11590  -0.05770   0.01929   0.98152   0.76389   0.53075  -0.45855  -0.16659  -0.24531   0.87055  -1.09231   0.07199   0.00000   0.00000   0.00000   0.00000   0.00000
   1.05375   0.24642  -0.54595   0.03371   0.14846   0.41795   0.31941  -0.12441  -0.31201  -0.05774   0.12848   0.48633   0.01021  -0.16154  -0.08240   0.00000   0.00000   0.00000   0.00000   0.00000
  -0.02568   0.25170  -0.15170   0.67393   0.48142  -0.19685  -0.35703  -0.00896   0.12122   0.06834   0.68254   0.66684  -0.40454   0.44280   0.48119   0.00000   0.00000   0.00000   0.00000   0.00000
  -0.17512  -0.81807  -0.00746  -0.22933   0.26823  -0.31901  -0.22054  -1.39871  -0.64549   0.41011   1.16662  -0.71673  -0.28189  -0.03701   0.13348   0.00000   0.00000   0.00000   0.00000   0.00000
;
   0.64198   0.00000   0.00000   0.00000   0.00000   0.00000   0.00000   0.00000   0.00000   0.00000   0.00000   0.00000   0.00000   0.00000   0.00000   0.00000   0.00000   0.00000   0.00000   0.00000
  -0.21639   0.00000   0.00000   0.00000   0.00000   0.00000   0.00000   0.00000   0.00000   0.00000   0.00000   0.00000   0.00000   0.00000   0.00000   0.00000   0.00000   0.00000   0.00000   0.00000
  -0.42435   0.00000   0.00000   0.00000   0.00000   0.00000   0.00000   0.00000   0.00000   0.00000   0.00000   0.00000   0.00000   0.00000   0.00000   0.00000   0.00000   0.00000   0.00000   0.00000
   0.12317   0.00000   0.00000   0.00000   0.00000   0.00000   0.00000   0.00000   0.00000   0.00000   0.00000   0.00000   0.00000   0.00000   0.00000   0.00000   0.00000   0.00000   0.00000   0.00000
   0.37719   0.00000   0.00000   0.00000   0.00000   0.00000   0.00000   0.00000   0.00000   0.00000   0.00000   0.00000   0.00000   0.00000   0.00000   0.00000   0.00000   0.00000   0.00000   0.00000
   0.59915   0.00000   0.00000   0.00000   0.00000   0.00000   0.00000   0.00000   0.00000   0.00000   0.00000   0.00000   0.00000   0.00000   0.00000   0.00000   0.00000   0.00000   0.00000   0.00000
   0.88384   0.00000   0.00000   0.00000   0.00000   0.00000   0.00000   0.00000   0.00000   0.00000   0.00000   0.00000   0.00000   0.00000   0.00000   0.00000   0.00000   0.00000   0.00000   0.00000
   0.44576   0.00000   0.00000   0.00000   0.00000   0.00000   0.00000   0.00000   0.00000   0.00000   0.00000   0.00000   0.00000   0.00000   0.00000   0.00000   0.00000   0.00000   0.00000   0.00000
  -0.41016   0.00000   0.00000   0.00000   0.00000   0.00000   0.00000   0.00000   0.00000   0.00000   0.00000   0.00000   0.00000   0.00000   0.00000   0.00000   0.00000   0.00000   0.00000   0.00000
   0.19804   0.00000   0.00000   0.00000   0.00000   0.00000   0.00000   0.00000   0.00000   0.00000   0.00000   0.00000   0.00000   0.00000   0.00000   0.00000   0.00000   0.00000   0.00000   0.00000
  -0.62001   0.00000   0.00000   0.00000   0.00000   0.00000   0.00000   0.00000   0.00000   0.00000   0.00000   0.00000   0.00000   0.00000   0.00000   0.00000   0.00000   0.00000   0.00000   0.00000
  -0.02098   0.00000   0.00000   0.00000   0.00000   0.00000   0.00000   0.00000   0.00000   0.00000   0.00000   0.00000   0.00000   0.00000   0.00000   0.00000   0.00000   0.00000   0.00000   0.00000
  -0.38741   0.00000   0.00000   0.00000   0.00000   0.00000   0.00000   0.00000   0.00000   0.00000   0.00000   0.00000   0.00000   0.00000   0.00000   0.00000   0.00000   0.00000   0.00000   0.00000
  -0.18693   0.00000   0.00000   0.00000   0.00000   0.00000   0.00000   0.00000   0.00000   0.00000   0.00000   0.00000   0.00000   0.00000   0.00000   0.00000   0.00000   0.00000   0.00000   0.00000
   0.06247   0.00000   0.00000   0.00000   0.00000   0.00000   0.00000   0.00000   0.00000   0.00000   0.00000   0.00000   0.00000   0.00000   0.00000   0.00000   0.00000   0.00000   0.00000   0.00000
   0.44651   0.00000   0.00000   0.00000   0.00000   0.00000   0.00000   0.00000   0.00000   0.00000   0.00000   0.00000   0.00000   0.00000   0.00000   0.00000   0.00000   0.00000   0.00000   0.00000
   0.00000   0.00000   0.00000   0.00000   0.00000   0.00000   0.00000   0.00000   0.00000   0.00000   0.00000   0.00000   0.00000   0.00000   0.00000   0.00000   0.00000   0.00000   0.00000   0.00000
   0.00000   0.00000   0.00000   0.00000   0.00000   0.00000   0.00000   0.00000   0.00000   0.00000   0.00000   0.00000   0.00000   0.00000   0.00000   0.00000   0.00000   0.00000   0.00000   0.00000
   0.00000   0.00000   0.00000   0.00000   0.00000   0.00000   0.00000   0.00000   0.00000   0.00000   0.00000   0.00000   0.00000   0.00000   0.00000   0.00000   0.00000   0.00000   0.00000   0.00000
   0.00000   0.00000   0.00000   0.00000   0.00000   0.00000   0.00000   0.00000   0.00000   0.00000   0.00000   0.00000   0.00000   0.00000   0.00000   0.00000   0.00000   0.00000   0.00000   0.00000
   0.00000   0.00000   0.00000   0.00000   0.00000   0.00000   0.00000   0.00000   0.00000   0.00000   0.00000   0.00000   0.00000   0.00000   0.00000   0.00000   0.00000   0.00000   0.00000   0.00000
